1111111001101000001010101000101111111
1000001000011010000101000011101000001
1011101011111101001111001001101011101
1011101010000100110110101110001011101
1011101011110001101110110100101011101
1000001011011010101000101011101000001
1111111010101010101010101010101111111
0000000011001101100100000001100000000
1011111000000111001011101110001111100
0110100110101101100001000000010101110
0111011001111010001011111011000100011
1111110000001010100001110011101110001
1010101110001100010010110111011011111
0001110110011010111111010100000100000
1001101010100111010011000001101111011
0110110110100100111011101011001110001
1110111001101110100101010110011010111
0001100101100111011011101010100100110
0001001011011001100100000101111100111
0000100001101011000111001000001100001
1000111101010001011100001111111011100
1000100000111000101100010010110001010
0101101000111011101010100111110111011
0000110101011011100110010001101110011
1010001000111011001111101111111010101
1110110001001001110000000000000100100
1010001110101100000010111011111001111
1001000110100000100001010011111101010
1001111101101010110000111110111111110
0000000010100010111101010001100011000
1111111001000111110011001010101010111
1000001011100000111111110010100011001
1011101010101000100101011101111110111
1011101010100001001010101001111010110
1011101010111001110101000111000000101
1000001001111111001111110011111010001
1111111011101011010100111101011010111
